{
  "open_profit": 0,
  "total_profit": -186.8582653966605,
  "max_equity_run_up": 302.0599965319925,
  "max_drawdown": -75.11000000000058,
  "max_drawdown_percentage": -0.0025956118919180635,
  "total_trades": 3,
  "winning_count": 1,
  "losing_count": 2,
  "profit_percent": -0.006192195247635431,
  "percent_profitable": 0.3333333333333333,
  "average_profit": -62.2860884655535,
  "average_winning_trade": 109.7832495231487,
  "average_losing_trade": -148.3207574599046,
  "ratio_average_win_loss": -0.7401745474016089,
  "largest_winning_trade": 109.7832495231487,
  "largest_losing_trade": -170.92765235579827,
  "largest_winning_trade_percent": 0.01097832495231487,
  "largest_losing_trade_percent": -0.017120038506448918,
  "total_bars": 20,
  "trade_reports": [
    {
      "buy_time": "2023-08-01 00:00:00+00:00",
      "buy_timestamp": 1690848000000,
      "sell_time": "2023-08-02 16:00:00+00:00",
      "sell_timestamp": 1690992000000,
      "profit": 109.7832495231487,
      "profit_percent": 0.01097832495231487,
      "cumulative_profit": 109.7832495231487,
      "cumulative_profit_percentage": 0.01097832495231487,
      "run_up": 302.0599965319925,
      "drawdown": -75.11000000000058,
      "drawdown_percentage": -0.0025956118919180635,
      "starting_amount": 10000,
      "starting_price": 28835.0,
      "final_amount": 10109.783249523149,
      "final_price": 29151.56
    },
    {
      "buy_time": "2024-02-03 12:00:00+00:00",
      "buy_timestamp": 1706961600000,
      "sell_time": "2024-02-04 20:00:00+00:00",
      "sell_timestamp": 1707076800000,
      "profit": -125.71386256401092,
      "profit_percent": -0.012434872188772247,
      "cumulative_profit": -15.930613040862227,
      "cumulative_profit_percentage": -0.0015930613040862226,
      "run_up": null,
      "drawdown": null,
      "drawdown_percentage": null,
      "starting_amount": 10109.783249523149,
      "starting_price": 43119.06,
      "final_amount": 9984.069386959138,
      "final_price": 42582.88
    },
    {
      "buy_time": "2024-08-07 12:00:00+00:00",
      "buy_timestamp": 1723032000000,
      "sell_time": "2024-08-07 20:00:00+00:00",
      "sell_timestamp": 1723060800000,
      "profit": -170.92765235579827,
      "profit_percent": -0.017120038506448918,
      "cumulative_profit": -186.8582653966605,
      "cumulative_profit_percentage": -0.01868582653966605,
      "run_up": null,
      "drawdown": null,
      "drawdown_percentage": null,
      "starting_amount": 9984.069386959138,
      "starting_price": 56094.5,
      "final_amount": 9813.14173460334,
      "final_price": 55134.16
    }
  ]
}